continent: Asia
country: Iran
learning_rate: 0.01
mean_month: 6.496226415094339
mean_temp: 17.612673584905625
mean_year: 1924.9169811320755
std_month: 3.4489518377218475
std_temp: 8.5591798831287
std_year: 50.99974744979671
