continent: Oceania
country: Papua New Guinea
learning_rate: 0.01
mean_month: 6.49146110056926
mean_temp: 24.45060341555986
mean_year: 1947.3757115749527
std_month: 3.449567502601104
std_temp: 0.6526905257602382
std_year: 38.033082800399
