continent: Asia
country: Pakistan
learning_rate: 0.01
mean_month: 6.498523829607761
mean_temp: 19.4118038802193
mean_year: 1914.4584563475328
std_month: 3.4487722271711005
std_temp: 7.7553244197733795
std_year: 57.038092660247266
