continent: Asia
country: Taiwan
learning_rate: 0.01
mean_month: 6.493487698986975
mean_temp: 21.944837916063655
mean_year: 1926.875542691751
std_month: 3.450159366547595
std_temp: 4.070259771245809
std_year: 49.86873212553373
