continent: Africa
country: Guinea
learning_rate: 0.0001
mean_month: 6.4931714719271625
mean_temp: 25.373035912999523
mean_year: 1930.8755690440062
std_month: 3.4500670981483017
std_temp: 1.6373945477938998
std_year: 47.55933593938056
