continent: Europe
country: Norway
learning_rate: 0.01
mean_month: 6.498919419573943
mean_temp: 0.0021991355356593876
mean_year: 1878.2917567150355
std_month: 3.452037454401536
std_temp: 7.215249931960279
std_year: 77.91874253590964
