continent: North America
country: United States
learning_rate: 0.01
mean_month: 6.50085005100306
mean_temp: 10.0294143148589
mean_year: 1890.7082624957498
std_month: 3.451773335809676
std_temp: 9.10165165828885
std_year: 70.7503229026322
