continent: South America
country: Ecuador
learning_rate: 0.0001
mean_month: 6.4980237154150196
mean_temp: 21.870639751552794
mean_year: 1939.4584980237155
std_month: 3.4476600369907167
std_temp: 0.7119996198409041
std_year: 42.60457092093189
