continent: North America
hidden_size: 30
horizon: 120
input_size: 1
lag: 24
learning_rate: 0.001
mean_month: 6.50085005100306
mean_temp: 3.6297708262495734
mean_year: 1890.7082624957498
std_month: 3.451773335809676
std_temp: 10.15197477676807
std_year: 70.7503229026322
