continent: Africa
country: Swaziland
learning_rate: 0.01
mean_month: 6.492822966507177
mean_temp: 18.835349282296658
mean_year: 1934.8755980861245
std_month: 3.4499653751699215
std_temp: 3.194682867116549
std_year: 45.24994024246795
