continent: Africa
country: Djibouti
learning_rate: 0.0001
mean_month: 6.492487479131887
mean_temp: 28.629003617139713
mean_year: 1938.3756260434056
std_month: 3.449867415852483
std_temp: 3.127939083454597
std_year: 43.229219469323475
