continent: Africa
country: Algeria
learning_rate: 0.0001
mean_month: 6.495038588754134
mean_temp: 22.975890113928703
mean_year: 1899.8754134509372
std_month: 3.4506114282215994
std_temp: 7.701730481173529
std_year: 65.45716528396316
