continent: Africa
country: Kenya
learning_rate: 0.01
mean_month: 6.4931297709923665
mean_temp: 24.03019211195935
mean_year: 1931.375572519084
std_month: 3.4500549283460273
std_temp: 0.9968538040804986
std_year: 47.27066144906932
