continent: Asia
country: Armenia
learning_rate: 0.0001
mean_month: 6.5
mean_temp: 8.086863311920059
mean_year: 1896.5
std_month: 3.4492600247094347
std_temp: 8.873422906091696
std_year: 67.40641462304643
