continent: North America
country: Canada
learning_rate: 0.01
mean_month: 6.50085005100306
mean_temp: -3.1211030261815713
mean_year: 1890.7082624957498
std_month: 3.451773335809676
std_temp: 13.101631423723134
std_year: 70.7503229026322
