continent: South America
country: Colombia
learning_rate: 0.01
mean_month: 6.4940711462450595
mean_temp: 24.739957180500642
mean_year: 1918.3754940711462
std_month: 3.450329521632683
std_temp: 0.6292030600327452
std_year: 54.776200367789066
