continent: Oceania
country: Kiribati
learning_rate: 0.01
mean_month: 6.491395793499044
mean_temp: 26.737753983429005
mean_year: 1947.8757170172084
std_month: 3.449548408313079
std_temp: 0.723532377109035
std_year: 37.74440866512746
