continent: Africa
country: Burkina Faso
learning_rate: 0.0001
mean_month: 6.4931714719271625
mean_temp: 27.96290920586743
mean_year: 1930.8755690440062
std_month: 3.4500670981483017
std_temp: 2.269040959334135
std_year: 47.55933593938056
