continent: North America
country: Dominican Republic
learning_rate: 0.0001
mean_month: 6.4940711462450595
mean_temp: 25.54059771629343
mean_year: 1918.3754940711462
std_month: 3.450329521632683
std_temp: 1.3933274443508414
std_year: 54.776200367789066
