continent: Africa
country: Burundi
learning_rate: 0.01
mean_month: 6.4931297709923665
mean_temp: 19.948998982188318
mean_year: 1931.375572519084
std_month: 3.4500549283460273
std_temp: 0.7408333451740122
std_year: 47.27066144906932
