continent: Africa
country: Niger
learning_rate: 0.01
mean_month: 6.501071581654522
mean_temp: 26.769948992713207
mean_year: 1916.0415773681955
std_month: 3.4490503436538282
std_temp: 4.540496242254992
std_year: 56.124337529973864
