continent: Africa
country: Libya
learning_rate: 0.01
mean_month: 6.500936680404646
mean_temp: 22.26962101910821
mean_year: 1902.0415886099663
std_month: 3.449428450454767
std_temp: 6.521563337605178
std_year: 64.20710560767333
