continent: North America
country: Costa Rica
learning_rate: 0.0001
mean_month: 6.493087557603687
mean_temp: 25.615784434203807
mean_year: 1931.8755760368663
std_month: 3.4500426084345808
std_temp: 0.8411979705919458
std_year: 46.98198696652342
