continent: Asia
country: Malaysia
learning_rate: 0.01
mean_month: 6.494039735099338
mean_temp: 25.734041059602653
mean_year: 1918.8754966887418
std_month: 3.4503203636920032
std_temp: 0.7040405887917303
std_year: 54.4875257209426
