continent: Africa
hidden_size: 30
horizon: 120
input_size: 2
lag: 24
learning_rate: 0.01
mean: 23.98961882951652
mean_year: 1931.375572519084
std: 47.27066144906932
