continent: Oceania
country: French Polynesia
learning_rate: 0.0001
mean_month: 6.502430133657351
mean_temp: 26.101533718104513
mean_year: 1944.6664641555285
std_month: 3.450702138516717
std_temp: 0.9002368581633752
std_year: 39.59827040067567
