continent: South America
country: Venezuela
learning_rate: 0.01
mean_month: 6.4940711462450595
mean_temp: 24.982536451471205
mean_year: 1918.3754940711462
std_month: 3.450329521632683
std_temp: 0.6901565608864414
std_year: 54.776200367789066
