continent: Asia
country: Laos
learning_rate: 0.01
mean_month: 6.498523829607761
mean_temp: 23.366976170392217
mean_year: 1914.4584563475328
std_month: 3.4487722271711005
std_temp: 3.159708818341219
std_year: 57.038092660247266
