continent: Oceania
country: Palau
learning_rate: 0.01
mean_month: 6.49146110056926
mean_temp: 27.213561037318133
mean_year: 1947.3757115749527
std_month: 3.449567502601104
std_temp: 0.5429050998998816
std_year: 38.033082800399
