continent: Asia
country: Syria
learning_rate: 0.01
mean_month: 6.5
mean_temp: 17.922350813008144
mean_year: 1910.75
std_month: 3.452052529534663
std_temp: 8.223752004616525
std_year: 59.17928269250989
