continent: Oceania
country: Australia
learning_rate: 0.0001
mean_month: 6.502325581395349
mean_temp: 21.6266410852713
mean_year: 1932.6248062015504
std_month: 3.450030111457834
std_temp: 4.888103794222495
std_year: 46.55031791331477
