continent: North America
country: Aruba
learning_rate: 0.01
mean_month: 6.4940711462450595
mean_temp: 27.8124587176109
mean_year: 1918.3754940711462
std_month: 3.450329521632683
std_temp: 1.3860679523369277
std_year: 54.776200367789066
