continent: Asia
country: Afghanistan
learning_rate: 0.01
mean_month: 6.5
mean_temp: 13.980625118708454
mean_year: 1925.5
std_month: 3.448336648447428
std_temp: 9.224949617540107
std_year: 50.663510641696654
