continent: Asia
country: Kazakhstan
learning_rate: 0.01
mean_month: 6.4944237918215615
mean_temp: 5.15305493597687
mean_year: 1912.3754646840148
std_month: 3.45043231439369
std_temp: 13.302978290336885
std_year: 58.2402965012719
