continent: Africa
country: Ethiopia
learning_rate: 0.01
mean_month: 6.4931297709923665
mean_temp: 22.801489567429964
mean_year: 1931.375572519084
std_month: 3.4500549283460273
std_temp: 1.162108491262443
std_year: 47.27066144906932
