continent: Asia
country: Mongolia
learning_rate: 0.01
mean_month: 6.501725625539258
mean_temp: -0.8136699741156189
mean_year: 1916.6665228645384
std_month: 3.4510938542703538
std_temp: 14.21097217604488
std_year: 55.763595757532016
