continent: Europe
hidden_size: 30
horizon: 120
input_size: 3
lag: 24
learning_rate: 0.01
mean_month: 6.498919419573943
mean_temp: 7.736556807656678
mean_year: 1878.2917567150355
std_month: 3.452037454401536
std_temp: 7.272561247232929
std_year: 77.91874253590964
