continent: South America
country: Chile
learning_rate: 0.0001
mean_month: 6.501315097317201
mean_temp: 9.381674381904247
mean_year: 1934.0415570752236
std_month: 3.448367689557822
std_temp: 3.1783756759757154
std_year: 45.73227741744335
