continent: Africa
country: Zambia
learning_rate: 0.01
mean_month: 6.4931297709923665
mean_temp: 21.280931552162844
mean_year: 1931.375572519084
std_month: 3.4500549283460273
std_temp: 2.2439762343422545
std_year: 47.27066144906932
