continent: Africa
country: Central African Republic
learning_rate: 0.01
mean_month: 6.492868462757528
mean_temp: 25.391059165345958
mean_year: 1934.3755942947703
std_month: 3.449978656942384
std_temp: 1.300281130719475
std_year: 45.53861467533407
