continent: Oceania
country: Niue
learning_rate: 0.01
mean_month: 6.492333901192504
mean_temp: 25.048639125496848
mean_year: 1939.8756388415673
std_month: 3.4498225606516066
std_temp: 1.2680819982704017
std_year: 42.363196428559206
