continent: Oceania
country: New Caledonia
learning_rate: 0.01
mean_month: 6.49572192513369
mean_temp: 22.69699786096255
mean_year: 1935.3336898395721
std_month: 3.451378533808912
std_temp: 2.104783445107254
std_year: 44.98574805531552
