continent: Africa
country: Tanzania
learning_rate: 0.01
mean_month: 6.4931297709923665
mean_temp: 22.31379185750636
mean_year: 1931.375572519084
std_month: 3.4500549283460273
std_temp: 1.1232104211217575
std_year: 47.27066144906932
