continent: North America
country: Puerto Rico
learning_rate: 0.01
mean_month: 6.4940711462450595
mean_temp: 25.34358585858587
mean_year: 1918.3754940711462
std_month: 3.450329521632683
std_temp: 1.443684415730368
std_year: 54.776200367789066
