continent: Oceania
country: Fiji
learning_rate: 0.0001
mean_month: 6.492333901192504
mean_temp: 24.99014196479271
mean_year: 1939.8756388415673
std_month: 3.4498225606516066
std_temp: 1.3036112307857637
std_year: 42.363196428559206
