continent: Asia
country: Cambodia
learning_rate: 0.0001
mean_month: 6.494039735099338
mean_temp: 26.582366887417237
mean_year: 1918.8754966887418
std_month: 3.4503203636920032
std_temp: 1.521755853462229
std_year: 54.4875257209426
