continent: Africa
country: Ghana
learning_rate: 0.01
mean: 26.781427921092547
mean_year: 1930.8755690440062
std: 47.55933593938056
