continent: Africa
country: Sudan
learning_rate: 0.01
mean_month: 6.492868462757528
mean_temp: 26.911211040676207
mean_year: 1934.3755942947703
std_month: 3.449978656942384
std_temp: 2.869781239061165
std_year: 45.53861467533407
