continent: Asia
country: Bangladesh
learning_rate: 0.01
mean_month: 6.494833524684271
mean_temp: 24.620294489093
mean_year: 1904.3754305396096
std_month: 3.4505516984343223
std_temp: 3.9655748108107947
std_year: 62.859092272331026
