continent: Africa
country: Eritrea
learning_rate: 0.01
mean_month: 6.492487479131887
mean_temp: 26.690224262659992
mean_year: 1938.3756260434056
std_month: 3.449867415852483
std_temp: 2.365610668555173
std_year: 43.229219469323475
