continent: Europe
country: Russia
learning_rate: 0.01
mean_month: 6.4944237918215615
mean_temp: -5.5797247005369695
mean_year: 1912.3754646840148
std_month: 3.45043231439369
std_temp: 14.554395715674715
std_year: 58.2402965012719
