continent: Asia
country: North Korea
learning_rate: 0.01
mean_month: 6.493562231759657
mean_temp: 6.7563791130186
mean_year: 1925.8755364806866
std_month: 3.4501811090616705
std_temp: 10.897605030503758
std_year: 50.44608124078516
