continent: Africa
country: Ghana
learning_rate: 0.0001
mean_month: 6.4931714719271625
mean_temp: 26.781427921092547
mean_year: 1930.8755690440062
std_month: 3.4500670981483017
std_temp: 1.4339748694550312
std_year: 47.55933593938056
