continent: Asia
hidden_size: 30
horizon: 120
input_size: 3
lag: 24
learning_rate: 0.01
mean_month: 6.5
mean_temp: 7.346962025316454
mean_year: 1914.5
std_month: 3.4487507675301914
std_temp: 10.17429870920278
std_year: 57.01424982883054
