continent: Africa
country: Ghana
learning_rate: 0.0001
mean: 26.781427921092547
std: 1.4339748694550312
