continent: Asia
country: China
learning_rate: 0.0001
mean_month: 6.501725625539258
mean_temp: 6.069357851596196
mean_year: 1916.6665228645384
std_month: 3.4510938542703538
std_temp: 10.025363919908374
std_year: 55.763595757532016
