continent: Europe
country: Czech Republic
learning_rate: 0.0001
mean_month: 6.498919419573943
mean_temp: 7.53501018832973
mean_year: 1878.2917567150355
std_month: 3.452037454401536
std_temp: 7.5782280294418385
std_year: 77.91874253590964
