continent: South America
country: Bolivia
learning_rate: 0.0001
mean_month: 6.501315097317201
mean_temp: 20.875982114676496
mean_year: 1934.0415570752236
std_month: 3.448367689557822
std_temp: 1.8600487034105828
std_year: 45.73227741744335
