continent: Asia
country: Saudi Arabia
learning_rate: 0.01
mean_month: 6.493411420204978
mean_temp: 25.385762567105953
mean_year: 1927.8755490483163
std_month: 3.450137112883025
std_temp: 6.892038259911371
std_year: 49.291383036819255
