continent: Asia
country: Turkey
learning_rate: 0.01
mean_month: 6.497183098591549
mean_temp: 11.633650000000003
mean_year: 1894.9169014084507
std_month: 3.449738582910076
std_temp: 7.925877731864009
std_year: 68.32013599187304
