continent: Oceania
country: Tonga
learning_rate: 0.01
mean_month: 6.492333901192504
mean_temp: 23.18935547984103
mean_year: 1939.8756388415673
std_month: 3.4498225606516066
std_temp: 1.8120996989304925
std_year: 42.363196428559206
