continent: Asia
country: Philippines
learning_rate: 0.01
mean_month: 6.493001555209953
mean_temp: 26.423381026438587
mean_year: 1932.8755832037325
std_month: 3.4500175070363017
std_temp: 1.0069586176659668
std_year: 46.40463802529468
