continent: South America
country: French Guiana
learning_rate: 0.01
mean_month: 6.4940711462450595
mean_temp: 25.651765480895907
mean_year: 1918.3754940711462
std_month: 3.450329521632683
std_temp: 0.7769381891242053
std_year: 54.776200367789066
