continent: North America
country: Cuba
learning_rate: 0.01
mean_month: 6.494102228047182
mean_temp: 25.407426387068544
mean_year: 1917.875491480996
std_month: 3.450338583247594
std_temp: 1.8397048144238148
std_year: 55.06487501966602
