continent: Asia
country: Tajikistan
learning_rate: 0.01
mean_month: 6.4937759336099585
mean_temp: 4.024703550023054
mean_year: 1922.8755186721992
std_month: 3.45024343994511
std_temp: 9.60289966927899
std_year: 52.178128737114626
