continent: South America
country: Falkland Islands
learning_rate: 0.0001
mean_month: 6.492682926829269
mean_temp: 6.072411111111128
mean_year: 1936.3756097560977
std_month: 3.449924489139652
std_temp: 2.429858831359807
std_year: 44.38391699752139
