continent: Asia
country: Nepal
learning_rate: 0.01
mean_month: 6.494833524684271
mean_temp: 14.467673938002287
mean_year: 1904.3754305396096
std_month: 3.4505516984343223
std_temp: 5.772635839730054
std_year: 62.859092272331026
