continent: Europe
country: Albania
learning_rate: 0.001
mean_month: 6.498919419573943
mean_temp: 12.516415097252224
mean_year: 1878.2917567150355
std_month: 3.452037454401536
std_temp: 6.959604296450186
std_year: 77.91874253590964
