continent: Africa
country: Equatorial Guinea
learning_rate: 0.0001
mean_month: 6.492868462757528
mean_temp: 24.964175911251967
mean_year: 1934.3755942947703
std_month: 3.449978656942384
std_temp: 1.0522757395287798
std_year: 45.53861467533407
