continent: Asia
country: Kuwait
learning_rate: 0.01
mean_month: 6.496164908916587
mean_temp: 25.150515340364315
mean_year: 1926.333652924257
std_month: 3.4514485765742027
std_temp: 8.473258521529912
std_year: 50.18184467301441
