continent: South America
country: Argentina
learning_rate: 0.01
mean_month: 6.501315097317201
mean_temp: 14.61831509731719
mean_year: 1934.0415570752236
std_month: 3.448367689557822
std_temp: 4.845960353276965
std_year: 45.73227741744335
