continent: Asia
country: Lebanon
learning_rate: 0.01
mean_month: 6.5
mean_temp: 17.635408130081313
mean_year: 1910.75
std_month: 3.452052529534663
std_temp: 6.222693700965158
std_year: 59.17928269250989
