continent: Asia
country: Japan
learning_rate: 0.01
mean_month: 6.493487698986975
mean_temp: 11.95852436082971
mean_year: 1926.875542691751
std_month: 3.450159366547595
std_temp: 8.190709758783948
std_year: 49.86873212553373
