continent: Asia
country: Hong Kong
learning_rate: 0.01
mean_month: 6.493525179856115
mean_temp: 22.662705515587533
mean_year: 1926.3755395683454
std_month: 3.450170300591454
std_temp: 4.830783765851627
std_year: 50.15740667989881
