continent: Asia
country: Cyprus
learning_rate: 0.0001
mean_month: 6.500936680404646
mean_temp: 18.78972124391158
mean_year: 1902.0415886099663
std_month: 3.449428450454767
std_temp: 5.686445587572408
std_year: 64.20710560767333
