continent: Asia
country: Bhutan
learning_rate: 0.0001
mean_month: 6.498523829607761
mean_temp: 11.732516237874313
mean_year: 1914.4584563475328
std_month: 3.4487722271711005
std_temp: 5.149215319163891
std_year: 57.038092660247266
