continent: Asia
country: Jordan
learning_rate: 0.01
mean_month: 6.5
mean_temp: 19.29202784552843
mean_year: 1910.75
std_month: 3.452052529534663
std_temp: 7.059141901934846
std_year: 59.17928269250989
