continent: Africa
country: Uganda
learning_rate: 0.01
mean_month: 6.4931297709923665
mean_temp: 22.94861526717554
mean_year: 1931.375572519084
std_month: 3.4500549283460273
std_temp: 0.8494769556048724
std_year: 47.27066144906932
