continent: Europe
country: Andorra
learning_rate: 0.0001
mean_month: 6.498919419573943
mean_temp: 11.114570083359073
mean_year: 1878.2917567150355
std_month: 3.452037454401536
std_temp: 5.904711858026932
std_year: 77.91874253590964
