continent: Asia
country: Thailand
learning_rate: 0.01
mean_month: 6.498523829607761
mean_temp: 25.84541881062839
mean_year: 1914.4584563475328
std_month: 3.4487722271711005
std_temp: 2.0650908398925383
std_year: 57.038092660247266
