continent: North America
country: Guatemala
learning_rate: 0.0001
mean_month: 6.494039735099338
mean_temp: 23.105509492273733
mean_year: 1918.8754966887418
std_month: 3.4503203636920032
std_temp: 1.6225803374574626
std_year: 54.4875257209426
