continent: Asia
country: Qatar
learning_rate: 0.01
mean_month: 6.493411420204978
mean_temp: 26.70862640312342
mean_year: 1927.8755490483163
std_month: 3.450137112883025
std_temp: 6.539841401016423
std_year: 49.291383036819255
