continent: North America
country: Jamaica
learning_rate: 0.01
mean_month: 6.4940711462450595
mean_temp: 26.077685990338136
mean_year: 1918.3754940711462
std_month: 3.450329521632683
std_temp: 1.2472497825521769
std_year: 54.776200367789066
