continent: South America
country: Brazil
learning_rate: 0.0001
mean_month: 6.493810178817056
mean_temp: 24.705909903713852
mean_year: 1922.375515818432
std_month: 3.4502534269839105
std_temp: 0.9790769241838264
std_year: 52.466803340726365
