continent: Africa
country: Tunisia
learning_rate: 0.01
mean_month: 6.4956855225311605
mean_temp: 19.97392329817833
mean_year: 1882.875359539789
std_month: 3.4507997764305465
std_temp: 6.925500567777249
std_year: 75.27210974208288
