continent: Africa
country: Togo
learning_rate: 0.01
mean_month: 6.4931714719271625
mean_temp: 26.94981057157306
mean_year: 1930.8755690440062
std_month: 3.4500670981483017
std_temp: 1.4519484553296715
std_year: 47.55933593938056
