continent: South America
country: Peru
learning_rate: 0.01
mean_month: 6.501315097317201
mean_temp: 19.835184639663332
mean_year: 1934.0415570752236
std_month: 3.448367689557822
std_temp: 0.8319433745557593
std_year: 45.73227741744335
