continent: Asia
country: India
learning_rate: 0.01
mean_month: 6.494833524684271
mean_temp: 23.6559565633372
mean_year: 1904.3754305396096
std_month: 3.4505516984343223
std_temp: 4.415826132849691
std_year: 62.859092272331026
