continent: Asia
country: Azerbaijan
learning_rate: 0.0001
mean_month: 6.5
mean_temp: 11.17150569105693
mean_year: 1910.75
std_month: 3.452052529534663
std_temp: 8.559765155033014
std_year: 59.17928269250989
