continent: Europe
country: Finland
learning_rate: 0.01
mean_month: 6.498919419573943
mean_temp: 1.1291870947823404
mean_year: 1878.2917567150355
std_month: 3.452037454401536
std_temp: 9.521385001887513
std_year: 77.91874253590964
