continent: Europe
country: Latvia
learning_rate: 0.01
mean_month: 6.498919419573943
mean_temp: 5.223026397036126
mean_year: 1878.2917567150355
std_month: 3.452037454401536
std_temp: 8.783134163254722
std_year: 77.91874253590964
