continent: North America
country: Barbados
learning_rate: 0.0001
mean_month: 6.4940711462450595
mean_temp: 26.38504018445321
mean_year: 1918.3754940711462
std_month: 3.450329521632683
std_temp: 0.9876466340762999
std_year: 54.776200367789066
