continent: Africa
country: Congo
learning_rate: 0.0001
mean_month: 6.4931297709923665
mean_temp: 23.684454198473304
mean_year: 1931.375572519084
std_month: 3.4500549283460273
std_temp: 0.6937545428601156
std_year: 47.27066144906932
