continent: Africa
country: Seychelles
learning_rate: 0.01
mean_month: 6.495038588754134
mean_temp: 26.46891767732448
mean_year: 1899.8754134509372
std_month: 3.4506114282215994
std_temp: 0.8404521181420719
std_year: 65.45716528396316
