continent: North America
country: Honduras
learning_rate: 0.01
mean_month: 6.494039735099338
mean_temp: 24.691135982339997
mean_year: 1918.8754966887418
std_month: 3.4503203636920032
std_temp: 1.4636033548143021
std_year: 54.4875257209426
