continent: North America
country: "Cura\xE7ao"
learning_rate: 0.01
mean_month: 6.4940711462450595
mean_temp: 27.249795783926213
mean_year: 1918.3754940711462
std_month: 3.450329521632683
std_temp: 1.2490696485954262
std_year: 54.776200367789066
