continent: Oceania
country: New Zealand
learning_rate: 0.01
mean_month: 6.493001555209953
mean_temp: 10.370112493519958
mean_year: 1932.8755832037325
std_month: 3.4500175070363017
std_temp: 3.4705918998191287
std_year: 46.40463802529468
