continent: Asia
country: South Korea
learning_rate: 0.01
mean_month: 6.493487698986975
mean_temp: 11.85664737095995
mean_year: 1926.875542691751
std_month: 3.450159366547595
std_temp: 9.313290642310406
std_year: 49.86873212553373
