continent: Africa
country: Sierra Leone
learning_rate: 0.01
mean_month: 6.4931714719271625
mean_temp: 25.971625695498208
mean_year: 1930.8755690440062
std_month: 3.4500670981483017
std_temp: 1.1791426625785697
std_year: 47.55933593938056
