continent: Europe
country: Liechtenstein
learning_rate: 0.01
mean_month: 6.498919419573943
mean_temp: 4.552205155912321
mean_year: 1878.2917567150355
std_month: 3.452037454401536
std_temp: 6.989088324095027
std_year: 77.91874253590964
