continent: North America
country: Mexico
learning_rate: 0.01
mean_month: 6.4937062937062935
mean_temp: 20.56755804195808
mean_year: 1923.8755244755246
std_month: 3.4502231295005155
std_temp: 3.7524679612237994
std_year: 51.600779547403675
