continent: Africa
country: Ghana
learning_rate: 0.01
mean_month: 6.4931714719271625
mean_temp: 26.781427921092547
mean_year: 1930.8755690440062
