continent: Africa
country: Comoros
learning_rate: 0.0001
mean_month: 6.495038588754134
mean_temp: 25.627310180080833
mean_year: 1899.8754134509372
std_month: 3.4506114282215994
std_temp: 1.1405944713279517
std_year: 65.45716528396316
