continent: Europe
country: Austria
learning_rate: 0.01
mean_month: 6.498919419573943
mean_temp: 6.118766131522063
mean_year: 1878.2917567150355
std_month: 3.452037454401536
std_temp: 7.41711447676652
std_year: 77.91874253590964
