continent: Asia
country: Kyrgyzstan
learning_rate: 0.01
mean_month: 6.493810178817056
mean_temp: 3.226568546538285
mean_year: 1922.375515818432
std_month: 3.4502534269839105
std_temp: 10.361058727318396
std_year: 52.466803340726365
