continent: Asia
country: Uzbekistan
learning_rate: 0.01
mean_month: 6.494223363286264
mean_temp: 11.619738553701337
mean_year: 1915.8754813863927
std_month: 3.4503738962187187
std_temp: 11.173343048913873
std_year: 56.21957367595499
