continent: Africa
country: Cameroon
learning_rate: 0.01
mean_month: 6.492868462757528
mean_temp: 24.444110406761734
mean_year: 1934.3755942947703
std_month: 3.449978656942384
std_temp: 1.1262651618315493
std_year: 45.53861467533407
