continent: South America
country: Paraguay
learning_rate: 0.01
mean_month: 6.493810178817056
mean_temp: 23.400320953690972
mean_year: 1922.375515818432
std_month: 3.4502534269839105
std_temp: 3.4486398094205444
std_year: 52.466803340726365
