continent: North America
country: Greenland
learning_rate: 0.0001
mean_month: 6.494102228047182
mean_temp: -18.58118173875051
mean_year: 1917.875491480996
std_month: 3.450338583247594
std_temp: 10.850018470859741
std_year: 55.06487501966602
