continent: Europe
country: Malta
learning_rate: 0.01
mean_month: 6.4956855225311605
mean_temp: 18.497759348034478
mean_year: 1882.875359539789
std_month: 3.4507997764305465
std_temp: 4.979039023535281
std_year: 75.27210974208288
