continent: Asia
country: Israel
learning_rate: 0.01
mean_month: 6.5
mean_temp: 19.579859756097566
mean_year: 1910.75
std_month: 3.452052529534663
std_temp: 5.860749144408273
std_year: 59.17928269250989
