continent: Asia
country: Iraq
learning_rate: 0.01
mean_month: 6.494223363286264
mean_temp: 21.78847689345318
mean_year: 1915.8754813863927
std_month: 3.4503738962187187
std_temp: 9.17335242472022
std_year: 56.21957367595499
