continent: Africa
country: Liberia
learning_rate: 0.01
mean_month: 6.4931714719271625
mean_temp: 25.351767324228668
mean_year: 1930.8755690440062
std_month: 3.4500670981483017
std_temp: 1.011413810410276
std_year: 47.55933593938056
