continent: Asia
country: Yemen
learning_rate: 0.01
mean_month: 6.491833030852995
mean_temp: 26.260557471264374
mean_year: 1944.3756805807623
std_month: 3.449676220891985
std_temp: 3.785844188113913
std_year: 39.76512790972208
