continent: Africa
country: Angola
learning_rate: 0.01
mean_month: 6.5
mean_temp: 21.84167332268374
mean_year: 1935.0
std_month: 3.4478852465034917
std_temp: 1.6582480499108883
std_year: 45.17880698556545
