continent: South America
country: Uruguay
learning_rate: 0.01
mean_month: 6.493810178817056
mean_temp: 17.381368638239334
mean_year: 1922.375515818432
std_month: 3.4502534269839105
std_temp: 4.598172727223662
std_year: 52.466803340726365
