continent: Asia
country: Sri Lanka
learning_rate: 0.01
mean_month: 6.494833524684271
mean_temp: 26.89605396096439
mean_year: 1904.3754305396096
std_month: 3.4505516984343223
std_temp: 1.1707524841215515
std_year: 62.859092272331026
