continent: Africa
country: South Africa
learning_rate: 0.01
mean_month: 6.492822966507177
mean_temp: 17.263985380116953
mean_year: 1934.8755980861245
std_month: 3.4499653751699215
std_temp: 4.256067108723197
std_year: 45.24994024246795
