continent: Asia
country: Christmas Island
learning_rate: 0.01
mean_month: 6.494039735099338
mean_temp: 25.729694481236177
mean_year: 1918.8754966887418
std_month: 3.4503203636920032
std_temp: 0.6854958464187364
std_year: 54.4875257209426
