continent: Oceania
country: American Samoa
learning_rate: 0.0001
mean_month: 6.492333901192504
mean_temp: 26.554071266326012
mean_year: 1939.8756388415673
std_month: 3.4498225606516066
std_temp: 0.6262832345463084
std_year: 42.363196428559206
