continent: Europe
country: Sweden
learning_rate: 0.01
mean_month: 6.498919419573943
mean_temp: 2.2822073170731745
mean_year: 1878.2917567150355
std_month: 3.452037454401536
std_temp: 8.40109859040777
std_year: 77.91874253590964
