continent: Europe
country: Poland
learning_rate: 0.01
mean_month: 6.498919419573943
mean_temp: 7.366308119790067
mean_year: 1878.2917567150355
std_month: 3.452037454401536
std_temp: 8.135014338904151
std_year: 77.91874253590964
