continent: Africa
country: Cape Verde
learning_rate: 0.01
mean_month: 6.4931714719271625
mean_temp: 24.124841932220466
mean_year: 1930.8755690440062
std_month: 3.4500670981483017
std_temp: 1.9186781292906925
std_year: 47.55933593938056
