continent: Africa
country: Gabon
learning_rate: 0.0001
mean_month: 6.492868462757528
mean_temp: 24.30153248811411
mean_year: 1934.3755942947703
std_month: 3.449978656942384
std_temp: 1.0695632036069787
std_year: 45.53861467533407
