continent: North America
country: El Salvador
learning_rate: 0.01
mean_month: 6.493670886075949
mean_temp: 24.89936075949369
mean_year: 1924.3755274261603
std_month: 3.4502128022972096
std_temp: 1.0879439023749773
std_year: 51.31210496149782
