continent: Africa
country: Mauritius
learning_rate: 0.01
mean_month: 6.495038588754134
mean_temp: 23.59072510106576
mean_year: 1899.8754134509372
std_month: 3.4506114282215994
std_temp: 1.8670176029273164
std_year: 65.45716528396316
