continent: Asia
country: Singapore
learning_rate: 0.01
mean_month: 6.494039735099338
mean_temp: 26.430896688741683
mean_year: 1918.8754966887418
std_month: 3.4503203636920032
std_temp: 0.7729183824020854
std_year: 54.4875257209426
