continent: Europe
country: Serbia
learning_rate: 0.01
mean_month: 6.498919419573943
mean_temp: 9.888963414634151
mean_year: 1878.2917567150355
std_month: 3.452037454401536
std_temp: 8.034315460420599
std_year: 77.91874253590964
