continent: Africa
country: Chad
learning_rate: 0.0001
mean_month: 6.492868462757528
mean_temp: 27.203456946645552
mean_year: 1934.3755942947703
std_month: 3.449978656942384
std_temp: 3.100323773599425
std_year: 45.53861467533407
