continent: South America
country: Guyana
learning_rate: 0.01
mean_month: 6.4940711462450595
mean_temp: 25.880109134826515
mean_year: 1918.3754940711462
std_month: 3.450329521632683
std_temp: 0.7396463807600279
std_year: 54.776200367789066
