continent: Africa
country: Egypt
learning_rate: 0.01
mean_month: 6.494451294697904
mean_temp: 22.301088368269678
mean_year: 1911.8754623921086
std_month: 3.4504403295712662
std_temp: 6.3133044894699415
std_year: 58.5289712079024
