continent: Asia
country: Georgia
learning_rate: 0.0001
mean_month: 6.498753117206983
mean_temp: 8.075164588528695
mean_year: 1896.291770573566
std_month: 3.4520351042838078
std_temp: 7.520513223017465
std_year: 67.52651655575528
