continent: North America
country: Haiti
learning_rate: 0.01
mean_month: 6.4940711462450595
mean_temp: 26.27424791392183
mean_year: 1918.3754940711462
std_month: 3.450329521632683
std_temp: 1.3872734831372562
std_year: 54.776200367789066
