continent: North America
country: Dominica
learning_rate: 0.0001
mean_month: 6.4940711462450595
mean_temp: 26.018544795783917
mean_year: 1918.3754940711462
std_month: 3.450329521632683
std_temp: 1.1579940608593553
std_year: 54.776200367789066
