continent: North America
country: Bahamas
learning_rate: 0.01
mean_month: 6.4988588196935115
mean_temp: 24.444010433648554
mean_year: 1885.4584284316923
std_month: 3.4495169613065113
std_temp: 2.7561688622643516
std_year: 73.78109270823433
